date,happiness,sadness,neutral,affection,disgust,anger,surprise,fear,bravery
01-Jan-16,0.155594405594,0.181818181818,0.0,0.43006993007,0.0262237762238,0.0244755244755,0.0384615384615,0.136363636364,0.00699300699301
07-Jan-16,0.151821862348,0.167004048583,0.00404858299595,0.462550607287,0.0222672064777,0.0414979757085,0.0354251012146,0.0981781376518,0.0172064777328
14-Jan-16,0.157314629259,0.197394789579,0.00100200400802,0.472945891784,0.0170340681363,0.0260521042084,0.0270541082164,0.0841683366733,0.0170340681363
21-Jan-16,0.16959798995,0.197236180905,0.00125628140704,0.449748743719,0.0125628140704,0.0238693467337,0.035175879397,0.0904522613065,0.0201005025126
28-Jan-16,0.162393162393,0.179487179487,0.0,0.45584045584,0.019943019943,0.045584045584,0.034188034188,0.0911680911681,0.011396011396
01-Feb-16,0.179551122195,0.162094763092,0.00249376558603,0.45885286783,0.0124688279302,0.0224438902743,0.0324189526185,0.0922693266833,0.0374064837905
07-Feb-16,0.137931034483,0.188505747126,0.0,0.466666666667,0.00919540229885,0.0367816091954,0.0367816091954,0.108045977011,0.016091954023
14-Feb-16,0.19836400818,0.19836400818,0.0,0.421267893661,0.0122699386503,0.0327198364008,0.0327198364008,0.0736196319018,0.0306748466258
21-Feb-16,0.157766990291,0.186893203883,0.0,0.45145631068,0.0242718446602,0.0364077669903,0.0436893203883,0.0825242718447,0.0169902912621
28-Feb-16,0.165137614679,0.146788990826,0.0,0.449541284404,0.00917431192661,0.0275229357798,0.00917431192661,0.155963302752,0.0366972477064
01-Mar-16,0.162109375,0.14453125,0.009765625,0.505859375,0.015625,0.048828125,0.017578125,0.08203125,0.013671875
07-Mar-16,0.159317211949,0.176386913229,0.00142247510669,0.426742532006,0.0128022759602,0.0469416785206,0.0312944523471,0.120910384068,0.0241820768137
14-Mar-16,0.161350844278,0.228893058161,0.00187617260788,0.377110694184,0.0187617260788,0.0393996247655,0.0300187617261,0.112570356473,0.0300187617261
21-Mar-16,0.149237472767,0.200435729847,0.0,0.368191721133,0.0196078431373,0.0468409586057,0.0261437908497,0.179738562092,0.00980392156863
28-Mar-16,0.134292565947,0.143884892086,0.00239808153477,0.520383693046,0.0215827338129,0.0431654676259,0.0263788968825,0.0935251798561,0.0143884892086
01-Apr-16,0.186046511628,0.124735729387,0.0,0.492600422833,0.014799154334,0.0359408033827,0.061310782241,0.0718816067653,0.0126849894292
07-Apr-16,0.148479427549,0.173524150268,0.00178890876565,0.499105545617,0.00894454382826,0.0322003577818,0.0304114490161,0.0787119856887,0.0268336314848
14-Apr-16,0.171052631579,0.207236842105,0.00493421052632,0.412828947368,0.0180921052632,0.0361842105263,0.0213815789474,0.0953947368421,0.0328947368421
21-Apr-16,0.138888888889,0.194444444444,0.0121527777778,0.473958333333,0.0138888888889,0.0399305555556,0.03125,0.0763888888889,0.0190972222222
28-Apr-16,0.231707317073,0.146341463415,0.0,0.508130081301,0.00406504065041,0.0243902439024,0.0284552845528,0.0406504065041,0.0162601626016
01-May-16,0.154566744731,0.19906323185,0.0,0.466042154567,0.00936768149883,0.0257611241218,0.0421545667447,0.07962529274,0.0234192037471
07-May-16,0.149350649351,0.178571428571,0.00162337662338,0.470779220779,0.0178571428571,0.038961038961,0.025974025974,0.0844155844156,0.0324675324675
14-May-16,0.150943396226,0.134171907757,0.0020964360587,0.444444444444,0.0230607966457,0.020964360587,0.0356394129979,0.163522012579,0.0251572327044
21-May-16,0.168333333333,0.191666666667,0.00333333333333,0.445,0.02,0.0333333333333,0.0266666666667,0.0766666666667,0.035
28-May-16,0.138028169014,0.169014084507,0.0056338028169,0.523943661972,0.0140845070423,0.0366197183099,0.0197183098592,0.0732394366197,0.0197183098592
01-Jun-16,0.143576826196,0.201511335013,0.0,0.476070528967,0.0226700251889,0.0453400503778,0.0327455919395,0.0654911838791,0.0125944584383
07-Jun-16,0.121990369181,0.194221508828,0.00321027287319,0.449438202247,0.0272873194222,0.0353130016051,0.024077046549,0.118780096308,0.0256821829856
14-Jun-16,0.139534883721,0.203488372093,0.00193798449612,0.434108527132,0.0232558139535,0.0503875968992,0.0290697674419,0.0968992248062,0.0213178294574
21-Jun-16,0.112825458052,0.196721311475,0.00385728061716,0.470588235294,0.00578592092575,0.0376084860174,0.0385728061716,0.076181292189,0.0578592092575
28-Jun-16,0.155303030303,0.140151515152,0.0,0.473484848485,0.0416666666667,0.0416666666667,0.0492424242424,0.0643939393939,0.0340909090909
01-Jul-16,0.167664670659,0.14371257485,0.00299401197605,0.47754491018,0.0059880239521,0.0449101796407,0.0269461077844,0.0943113772455,0.0359281437126
07-Jul-16,0.143307086614,0.151181102362,0.0,0.540157480315,0.0188976377953,0.0425196850394,0.0220472440945,0.051968503937,0.0299212598425
14-Jul-16,0.166807076664,0.17101937658,0.0016849199663,0.449031171019,0.0143218197136,0.0353833192923,0.0252737994945,0.120471777591,0.0160067396799
21-Jul-16,0.137782561895,0.205597416577,0.00753498385361,0.43057050592,0.0150699677072,0.0312163616792,0.0312163616792,0.117330462863,0.0236813778256
28-Jul-16,0.111716621253,0.190735694823,0.0,0.485013623978,0.0272479564033,0.0326975476839,0.0435967302452,0.103542234332,0.00544959128065
01-Aug-16,0.148606811146,0.140866873065,0.0015479876161,0.503095975232,0.015479876161,0.0371517027864,0.0448916408669,0.0913312693498,0.0170278637771
07-Aug-16,0.144537815126,0.220168067227,0.00168067226891,0.438655462185,0.00840336134454,0.0268907563025,0.036974789916,0.102521008403,0.0201680672269
14-Aug-16,0.139473684211,0.189473684211,0.00263157894737,0.467105263158,0.0223684210526,0.0421052631579,0.0289473684211,0.0815789473684,0.0263157894737
21-Aug-16,0.123613312203,0.166402535658,0.00475435816165,0.505546751189,0.0158478605388,0.0301109350238,0.0348652931854,0.104595879556,0.0142630744849
28-Aug-16,0.203703703704,0.2,0.0111111111111,0.37037037037,0.0037037037037,0.0481481481481,0.0333333333333,0.103703703704,0.0259259259259
01-Sep-16,0.185792349727,0.182149362477,0.00364298724954,0.440801457195,0.0273224043716,0.0455373406193,0.023679417122,0.0710382513661,0.0200364298725
07-Sep-16,0.14711033275,0.203152364273,0.00525394045534,0.416812609457,0.0192644483363,0.0420315236427,0.0210157618214,0.124343257443,0.0210157618214
14-Sep-16,0.167539267016,0.153577661431,0.0,0.48167539267,0.0191972076789,0.0296684118674,0.0506108202443,0.0785340314136,0.0191972076789
21-Sep-16,0.133435582822,0.180981595092,0.0,0.507668711656,0.0153374233129,0.0337423312883,0.0276073619632,0.0889570552147,0.0122699386503
28-Sep-16,0.152588555858,0.114441416894,0.0,0.534059945504,0.0245231607629,0.0245231607629,0.0354223433243,0.103542234332,0.0108991825613
01-Oct-16,0.126315789474,0.166666666667,0.0,0.517543859649,0.0157894736842,0.0245614035088,0.0315789473684,0.0912280701754,0.0263157894737
07-Oct-16,0.203180212014,0.180212014134,0.0,0.43109540636,0.0141342756184,0.030035335689,0.0282685512367,0.0936395759717,0.0194346289753
14-Oct-16,0.148867313916,0.195792880259,0.0161812297735,0.466019417476,0.00809061488673,0.0436893203883,0.0194174757282,0.0873786407767,0.0145631067961
21-Oct-16,0.161739130435,0.137391304348,0.00521739130435,0.521739130435,0.015652173913,0.0382608695652,0.0452173913043,0.0695652173913,0.00521739130435
28-Oct-16,0.188191881919,0.132841328413,0.0,0.453874538745,0.0110701107011,0.0258302583026,0.0442804428044,0.0738007380074,0.070110701107
01-Nov-16,0.165591397849,0.174193548387,0.0,0.438709677419,0.010752688172,0.0344086021505,0.0322580645161,0.0623655913978,0.0817204301075
07-Nov-16,0.172985781991,0.135071090047,0.0,0.527251184834,0.0130331753555,0.0248815165877,0.0225118483412,0.085308056872,0.0189573459716
14-Nov-16,0.172945205479,0.179794520548,0.00513698630137,0.452054794521,0.0154109589041,0.0342465753425,0.0308219178082,0.102739726027,0.00684931506849
21-Nov-16,0.187165775401,0.169786096257,0.0,0.441176470588,0.0227272727273,0.033422459893,0.0401069518717,0.0922459893048,0.0133689839572
28-Nov-16,0.181481481481,0.244444444444,0.0,0.422222222222,0.0148148148148,0.0333333333333,0.0259259259259,0.0481481481481,0.0296296296296
01-Dec-16,0.171849427169,0.198036006547,0.0,0.423895253682,0.0212765957447,0.0409165302782,0.0229132569558,0.0981996726678,0.0229132569558
07-Dec-16,0.156103286385,0.144366197183,0.00352112676056,0.49882629108,0.0176056338028,0.0363849765258,0.0234741784038,0.0915492957746,0.0281690140845
14-Dec-16,0.127314814815,0.152777777778,0.00462962962963,0.467592592593,0.0150462962963,0.0358796296296,0.03125,0.149305555556,0.0162037037037
21-Dec-16,0.136551724138,0.220689655172,0.0,0.44,0.0179310344828,0.0496551724138,0.0289655172414,0.088275862069,0.0179310344828
28-Dec-16,0.156555772994,0.195694716243,0.00782778864971,0.463796477495,0.0215264187867,0.00978473581213,0.013698630137,0.109589041096,0.0215264187867
01-Jan-17,0.0588235294118,0.411764705882,0.0,0.235294117647,0.0,0.0,0.0,0.294117647059,0.0
